parity 63;
0 2 0 7,8,9,10,11,12,13,14;
1 2 0 15,16,17,18,19,20,21,22;
2 2 0 23,24,25,26,27,28,29,30;
3 2 0 31,32,33,34,35,36,37,38;
4 2 0 39,40,41,42,43,44,45,46;
5 3 0 47,48,49,50,51,52,53,54;
6 2 0 55,56,57,58,59,60,61,62;
7 2 1 1,2;
8 2 1 1,2;
9 2 1 1,2;
10 2 1 1,2;
11 2 1 1,2;
12 2 1 1,2;
13 2 1 1,2;
14 2 1 1,2;
15 2 1 1,1;
16 2 1 1,1;
17 2 1 1,1;
18 2 1 1,1;
19 2 1 1,1;
20 2 1 1,1;
21 2 1 1,1;
22 2 1 1,1;
23 2 1 1,3;
24 2 1 1,3;
25 2 1 4,4;
26 2 1 1,1;
27 2 1 1,3;
28 2 1 1,3;
29 2 1 1,1;
30 2 1 4,4;
31 2 1 5,5;
32 2 1 5,5;
33 2 1 5,5;
34 2 1 5,5;
35 2 1 5,5;
36 2 1 5,5;
37 2 1 5,5;
38 2 1 5,5;
39 2 1 6,6;
40 2 1 6,6;
41 2 1 6,6;
42 2 1 6,6;
43 2 1 6,6;
44 2 1 6,6;
45 2 1 6,6;
46 2 1 6,6;
47 3 1 5,5;
48 3 1 5,5;
49 3 1 5,5;
50 3 1 5,5;
51 3 1 5,5;
52 3 1 5,5;
53 3 1 5,5;
54 3 1 5,5;
55 2 1 6,6;
56 2 1 6,6;
57 2 1 6,6;
58 2 1 6,6;
59 2 1 6,6;
60 2 1 6,6;
61 2 1 6,6;
62 2 1 6,6;