parity 151;
0 2 0 7,8,9,10,11,12,13,14,15,16,17,18,19,20,21,22,23,24,25,26,27,28,29,30,31,32,33,34,35,36,37,38;
1 2 0 39,40,41,42,43,44,45,46,47,48,49,50,51,52,53,54;
2 2 0 55,56,57,58,59,60,61,62,63,64,65,66,67,68,69,70;
3 2 0 71,72,73,74,75,76,77,78,79,80,81,82,83,84,85,86;
4 2 0 87,88,89,90,91,92,93,94,95,96,97,98,99,100,101,102;
5 2 0 103,104,105,106,107,108,109,110,111,112,113,114,115,116,117,118;
6 2 0 119,120,121,122,123,124,125,126,127,128,129,130,131,132,133,134,135,136,137,138,139,140,141,142,143,144,145,146,147,148,149,150;
7 2 1 1,1;
8 2 1 1,1;
9 2 1 1,1;
10 2 1 1,1;
11 2 1 1,1;
12 2 1 1,1;
13 2 1 1,1;
14 2 1 1,1;
15 2 1 1,1;
16 2 1 1,1;
17 2 1 1,1;
18 2 1 1,1;
19 2 1 1,1;
20 2 1 1,1;
21 2 1 1,1;
22 2 1 1,1;
23 2 1 1,1;
24 2 1 1,1;
25 2 1 1,1;
26 2 1 1,1;
27 2 1 1,1;
28 2 1 1,1;
29 2 1 1,1;
30 2 1 1,1;
31 2 1 1,1;
32 2 1 1,1;
33 2 1 1,1;
34 2 1 1,1;
35 2 1 1,1;
36 2 1 1,1;
37 2 1 1,1;
38 2 1 1,1;
39 2 1 0,0;
40 2 1 0,0;
41 2 1 0,0;
42 2 1 0,2;
43 2 1 0,0;
44 2 1 0,2;
45 2 1 0,2;
46 2 1 2,2;
47 2 1 0,0;
48 2 1 0,2;
49 2 1 0,2;
50 2 1 2,2;
51 2 1 0,2;
52 2 1 2,2;
53 2 1 2,2;
54 2 1 2,2;
55 2 1 0,0;
56 2 1 0,0;
57 2 1 0,0;
58 2 1 0,3;
59 2 1 0,0;
60 2 1 0,3;
61 2 1 0,3;
62 2 1 3,3;
63 2 1 0,0;
64 2 1 0,3;
65 2 1 0,3;
66 2 1 3,3;
67 2 1 0,3;
68 2 1 3,3;
69 2 1 3,3;
70 2 1 3,3;
71 2 1 0,0;
72 2 1 0,0;
73 2 1 0,0;
74 2 1 0,4;
75 2 1 0,0;
76 2 1 0,4;
77 2 1 0,4;
78 2 1 4,4;
79 2 1 0,0;
80 2 1 0,4;
81 2 1 0,4;
82 2 1 4,4;
83 2 1 0,4;
84 2 1 4,4;
85 2 1 4,4;
86 2 1 4,4;
87 2 1 0,0;
88 2 1 0,0;
89 2 1 0,0;
90 2 1 0,5;
91 2 1 0,0;
92 2 1 0,5;
93 2 1 0,5;
94 2 1 5,5;
95 2 1 0,0;
96 2 1 0,5;
97 2 1 0,5;
98 2 1 5,5;
99 2 1 0,5;
100 2 1 5,5;
101 2 1 5,5;
102 2 1 5,5;
103 2 1 0,0;
104 2 1 0,0;
105 2 1 0,0;
106 2 1 0,6;
107 2 1 0,0;
108 2 1 0,6;
109 2 1 0,6;
110 2 1 6,6;
111 2 1 0,0;
112 2 1 0,6;
113 2 1 0,6;
114 2 1 6,6;
115 2 1 0,6;
116 2 1 6,6;
117 2 1 6,6;
118 2 1 6,6;
119 2 1 0;
120 2 1 0;
121 2 1 0;
122 2 1 0;
123 2 1 0;
124 2 1 0;
125 2 1 0;
126 2 1 0;
127 2 1 0;
128 2 1 0;
129 2 1 0;
130 2 1 0;
131 2 1 0;
132 2 1 0;
133 2 1 0;
134 2 1 0;
135 2 1 0;
136 2 1 0;
137 2 1 0;
138 2 1 0;
139 2 1 0;
140 2 1 0;
141 2 1 0;
142 2 1 0;
143 2 1 0;
144 2 1 0;
145 2 1 0;
146 2 1 0;
147 2 1 0;
148 2 1 0;
149 2 1 0;
150 2 1 0;