parity 155;
0 2 0 11,12,13,14,15,16,17,18,19,20,21,22,23,24,25,26;
1 2 0 27,28,29,30,31,32,33,34;
2 2 0 35,36,37,38,39,40,41,42,43,44,45,46,47,48,49,50;
3 2 0 51,52,53,54,55,56,57,58,59,60,61,62,63,64,65,66;
4 3 0 67,68,69,70,71,72,73,74,75,76,77,78,79,80,81,82;
5 2 0 83,84,85,86,87,88,89,90;
6 2 0 91,92,93,94,95,96,97,98,99,100,101,102,103,104,105,106;
7 2 0 107,108,109,110,111,112,113,114;
8 2 0 115,116,117,118,119,120,121,122,123,124,125,126,127,128,129,130;
9 2 0 131,132,133,134,135,136,137,138;
10 2 0 139,140,141,142,143,144,145,146,147,148,149,150,151,152,153,154;
11 2 1 1,1;
12 2 1 1,1;
13 2 1 1,1;
14 2 1 1,1;
15 2 1 1,1;
16 2 1 1,1;
17 2 1 1,1;
18 2 1 1,1;
19 2 1 1,1;
20 2 1 1,1;
21 2 1 1,1;
22 2 1 1,1;
23 2 1 1,1;
24 2 1 1,1;
25 2 1 1,1;
26 2 1 1,1;
27 2 1 2,2;
28 2 1 2,2;
29 2 1 2,2;
30 2 1 2,3;
31 2 1 2,2;
32 2 1 2,3;
33 2 1 2,3;
34 2 1 3,3;
35 2 1 1,1;
36 2 1 1,1;
37 2 1 1,1;
38 2 1 1,1;
39 2 1 1,1;
40 2 1 1,1;
41 2 1 1,1;
42 2 1 1,1;
43 2 1 1,1;
44 2 1 1,1;
45 2 1 1,1;
46 2 1 1,1;
47 2 1 1,1;
48 2 1 1,1;
49 2 1 1,1;
50 2 1 1,1;
51 2 1 4;
52 2 1 4;
53 2 1 4;
54 2 1 4;
55 2 1 4;
56 2 1 4;
57 2 1 4;
58 2 1 5;
59 2 1 4;
60 2 1 4;
61 2 1 4;
62 2 1 5;
63 2 1 4;
64 2 1 5;
65 2 1 5;
66 2 1 5;
67 3 1 1,1;
68 3 1 1,1;
69 3 1 1,1;
70 3 1 1,1;
71 3 1 1,1;
72 3 1 1,1;
73 3 1 1,1;
74 3 1 1,1;
75 3 1 1,1;
76 3 1 1,1;
77 3 1 1,1;
78 3 1 1,1;
79 3 1 1,1;
80 3 1 1,1;
81 3 1 1,1;
82 3 1 1,1;
83 2 1 6,6;
84 2 1 6,6;
85 2 1 6,6;
86 2 1 6,7;
87 2 1 6,6;
88 2 1 6,7;
89 2 1 6,7;
90 2 1 7,7;
91 2 1 1,1;
92 2 1 1,1;
93 2 1 1,1;
94 2 1 1,1;
95 2 1 1,1;
96 2 1 1,1;
97 2 1 1,1;
98 2 1 1,1;
99 2 1 1,1;
100 2 1 1,1;
101 2 1 1,1;
102 2 1 1,1;
103 2 1 1,1;
104 2 1 1,1;
105 2 1 1,1;
106 2 1 1,1;
107 2 1 8,8;
108 2 1 8,8;
109 2 1 8,8;
110 2 1 8,9;
111 2 1 8,8;
112 2 1 8,9;
113 2 1 8,9;
114 2 1 9,9;
115 2 1 1,1;
116 2 1 1,1;
117 2 1 1,1;
118 2 1 1,1;
119 2 1 1,1;
120 2 1 1,1;
121 2 1 1,1;
122 2 1 1,1;
123 2 1 1,1;
124 2 1 1,1;
125 2 1 1,1;
126 2 1 1,1;
127 2 1 1,1;
128 2 1 1,1;
129 2 1 1,1;
130 2 1 1,1;
131 2 1 10,10;
132 2 1 10,10;
133 2 1 10,10;
134 2 1 10,10;
135 2 1 10,10;
136 2 1 10,10;
137 2 1 10,10;
138 2 1 10,10;
139 2 1 1,1;
140 2 1 1,1;
141 2 1 1,1;
142 2 1 1,1;
143 2 1 1,1;
144 2 1 1,1;
145 2 1 1,1;
146 2 1 1,1;
147 2 1 1,1;
148 2 1 1,1;
149 2 1 1,1;
150 2 1 1,1;
151 2 1 1,1;
152 2 1 1,1;
153 2 1 1,1;
154 2 1 1,1;