parity 155;
0 2 0 11,12,13,14,15,16,17,18,19,20,21,22,23,24,25,26;
1 2 0 27,28,29,30,31,32,33,34;
2 2 0 35,36,37,38,39,40,41,42,43,44,45,46,47,48,49,50;
3 2 0 51,52,53,54,55,56,57,58;
4 2 0 59,60,61,62,63,64,65,66,67,68,69,70,71,72,73,74;
5 2 0 75,76,77,78,79,80,81,82;
6 2 0 83,84,85,86,87,88,89,90,91,92,93,94,95,96,97,98;
7 2 0 99,100,101,102,103,104,105,106;
8 2 0 107,108,109,110,111,112,113,114,115,116,117,118,119,120,121,122;
9 2 0 123,124,125,126,127,128,129,130,131,132,133,134,135,136,137,138;
10 3 0 139,140,141,142,143,144,145,146,147,148,149,150,151,152,153,154;
11 2 1 1,1;
12 2 1 1,1;
13 2 1 1,1;
14 2 1 1,1;
15 2 1 1,1;
16 2 1 1,1;
17 2 1 1,1;
18 2 1 1,1;
19 2 1 1,1;
20 2 1 1,1;
21 2 1 1,1;
22 2 1 1,1;
23 2 1 1,1;
24 2 1 1,1;
25 2 1 1,1;
26 2 1 1,1;
27 2 1 2,2;
28 2 1 2,2;
29 2 1 2,2;
30 2 1 2,3;
31 2 1 2,2;
32 2 1 2,3;
33 2 1 2,3;
34 2 1 3,3;
35 2 1 1,1;
36 2 1 1,1;
37 2 1 1,1;
38 2 1 1,1;
39 2 1 1,1;
40 2 1 1,1;
41 2 1 1,1;
42 2 1 1,1;
43 2 1 1,1;
44 2 1 1,1;
45 2 1 1,1;
46 2 1 1,1;
47 2 1 1,1;
48 2 1 1,1;
49 2 1 1,1;
50 2 1 1,1;
51 2 1 4,4;
52 2 1 4,4;
53 2 1 4,4;
54 2 1 4,5;
55 2 1 4,4;
56 2 1 4,5;
57 2 1 4,5;
58 2 1 5,5;
59 2 1 1,1;
60 2 1 1,1;
61 2 1 1,1;
62 2 1 1,1;
63 2 1 1,1;
64 2 1 1,1;
65 2 1 1,1;
66 2 1 1,1;
67 2 1 1,1;
68 2 1 1,1;
69 2 1 1,1;
70 2 1 1,1;
71 2 1 1,1;
72 2 1 1,1;
73 2 1 1,1;
74 2 1 1,1;
75 2 1 6,6;
76 2 1 6,6;
77 2 1 6,6;
78 2 1 6,7;
79 2 1 6,6;
80 2 1 6,7;
81 2 1 6,7;
82 2 1 7,7;
83 2 1 1,1;
84 2 1 1,1;
85 2 1 1,1;
86 2 1 1,1;
87 2 1 1,1;
88 2 1 1,1;
89 2 1 1,1;
90 2 1 1,1;
91 2 1 1,1;
92 2 1 1,1;
93 2 1 1,1;
94 2 1 1,1;
95 2 1 1,1;
96 2 1 1,1;
97 2 1 1,1;
98 2 1 1,1;
99 2 1 8,8;
100 2 1 8,8;
101 2 1 8,8;
102 2 1 8,9;
103 2 1 8,8;
104 2 1 8,9;
105 2 1 8,9;
106 2 1 9,9;
107 2 1 1,1;
108 2 1 1,1;
109 2 1 1,1;
110 2 1 1,1;
111 2 1 1,1;
112 2 1 1,1;
113 2 1 1,1;
114 2 1 1,1;
115 2 1 1,1;
116 2 1 1,1;
117 2 1 1,1;
118 2 1 1,1;
119 2 1 1,1;
120 2 1 1,1;
121 2 1 1,1;
122 2 1 1,1;
123 2 1 10;
124 2 1 10;
125 2 1 10;
126 2 1 10;
127 2 1 10;
128 2 1 10;
129 2 1 10;
130 2 1 10;
131 2 1 10;
132 2 1 10;
133 2 1 10;
134 2 1 10;
135 2 1 10;
136 2 1 10;
137 2 1 10;
138 2 1 10;
139 3 1 1,1;
140 3 1 1,1;
141 3 1 1,1;
142 3 1 1,1;
143 3 1 1,1;
144 3 1 1,1;
145 3 1 1,1;
146 3 1 1,1;
147 3 1 1,1;
148 3 1 1,1;
149 3 1 1,1;
150 3 1 1,1;
151 3 1 1,1;
152 3 1 1,1;
153 3 1 1,1;
154 3 1 1,1;