parity 40;
0 3 0 8,9,10,11;
1 3 0 12,13,14,15;
2 3 0 16,17,18,19;
3 3 0 20,21,22,23;
4 2 0 24,25,26,27;
5 2 0 28,29,30,31;
6 2 0 32,33,34,35;
7 2 0 36,37,38,39;
8 3 1 1,1,1,1;
9 3 1 2,2,3,3;
10 3 1 2,2,3,3;
11 3 1 1,1,1,1;
12 3 1 1,1,1,1;
13 3 1 1,1,1,1;
14 3 1 1,1,1,1;
15 3 1 1,1,1,1;
16 3 1 1,1,4,5;
17 3 1 1,1,4,5;
18 3 1 1,1,4,5;
19 3 1 1,1,4,5;
20 3 1 1,1,4,5;
21 3 1 1,1,4,5;
22 3 1 1,1,4,5;
23 3 1 1,1,4,5;
24 2 1 6,6,6,6;
25 2 1 6,6,6,6;
26 2 1 6,6,6,6;
27 2 1 6,6,6,6;
28 2 1 7,7,7,7;
29 2 1 7,7,7,7;
30 2 1 7,7,7,7;
31 2 1 7,7,7,7;
32 2 1 6,6,6,6;
33 2 1 6,6,6,6;
34 2 1 6,6,6,6;
35 2 1 6,6,6,6;
36 2 1 7,7,7,7;
37 2 1 7,7,7,7;
38 2 1 7,7,7,7;
39 2 1 7,7,7,7;