parity 72;
0 6 0 8,9,10,11,12,13,14,15;
1 6 0 16,17,18,19,20,21,22,23;
2 6 0 24,25,26,27,28,29,30,31;
3 6 0 32,33,34,35,36,37,38,39;
4 6 0 40,41,42,43,44,45,46,47;
5 4 0 48,49,50,51,52,53,54,55;
6 6 0 56,57,58,59,60,61,62,63;
7 5 0 64,65,66,67,68,69,70,71;
8 6 1 1,2;
9 6 1 1,3;
10 6 1 1,2;
11 6 1 1,3;
12 6 1 1,3;
13 6 1 1,2;
14 6 1 1,3;
15 6 1 1,2;
16 6 1 1,1;
17 6 1 1,1;
18 6 1 1,1;
19 6 1 1,1;
20 6 1 1,1;
21 6 1 1,1;
22 6 1 1,1;
23 6 1 1,1;
24 6 1 4,4;
25 6 1 1,1;
26 6 1 1,5;
27 6 1 1,5;
28 6 1 1,1;
29 6 1 4,4;
30 6 1 1,5;
31 6 1 1,5;
32 6 1 4,4;
33 6 1 1,1;
34 6 1 1,5;
35 6 1 1,5;
36 6 1 1,1;
37 6 1 4,4;
38 6 1 1,5;
39 6 1 1,5;
40 6 1 6,6;
41 6 1 6,6;
42 6 1 6,6;
43 6 1 6,6;
44 6 1 6,6;
45 6 1 6,6;
46 6 1 6,6;
47 6 1 6,6;
48 4 1 7,7;
49 4 1 7,7;
50 4 1 7,7;
51 4 1 7,7;
52 4 1 7,7;
53 4 1 7,7;
54 4 1 7,7;
55 4 1 7,7;
56 6 1 6,6;
57 6 1 6,6;
58 6 1 6,6;
59 6 1 6,6;
60 6 1 6,6;
61 6 1 6,6;
62 6 1 6,6;
63 6 1 6,6;
64 5 1 7,7;
65 5 1 7,7;
66 5 1 7,7;
67 5 1 7,7;
68 5 1 7,7;
69 5 1 7,7;
70 5 1 7,7;
71 5 1 7,7;